pointset1 = [(412340.045132597, 567563.904025061), (411463.4808061337, 569518.0111373104), (413706.70610938035, 569557.9555392507), (410996.9674692666, 566442.7400794141), (409583.7842767751, 566465.2571356203), (410931.2738200333, 570296.1616305877), (410324.81535237096, 566303.8854714744), (413499.2504738439, 566918.9598196447), (410414.98492021766, 569573.0387344286), (410853.8114898065, 566436.9982266165), (412631.44584038947, 567439.6352348179), (413266.80038605724, 570749.1534034964), (413807.268365209, 569838.2318713032), (411192.2429224178, 569013.417371951), (409955.6021300778, 567402.5502423104), (412913.49604624975, 569498.0262168031), (411143.4485438904, 569452.317936277), (412079.8143734401, 566354.1796751618), (409841.71098579466, 570799.6505609993), (413915.8223058721, 570807.9562261011), (413450.71677949093, 569347.1062783413), (412036.58974745125, 570845.0864250083), (412895.1144394623, 566666.5964335501), (412882.7528889924, 570576.6563414857), (411319.52044453286, 566426.7591987085)]
pointset2 = [(416285.4077733606, 570447.8662646227), (416599.87461525295, 570374.2773373444), (416897.3352384092, 570313.845270995), (416351.97140765656, 570248.7642160021), (416318.1000086954, 570310.714157002), (416868.93713923823, 569888.3976054713), (416758.0904612569, 570017.847676143), (416397.40302185714, 570489.2565651666), (416973.66260008607, 569692.068774052), (416247.68752998393, 569717.2326232605), (416917.0358519796, 570102.9074746948), (417140.9189147027, 568264.3685701005), (420368.45097481925, 569469.3595731314), (415665.92011182476, 567994.4345589429), (419599.7449572096, 567319.4698757922), (418926.1914019129, 567334.7722021827), (419580.070755018, 566883.731438866), (419209.032222597, 567098.2897395698), (419300.3616876575, 567209.0174666086), (419621.0241941177, 567401.0117988047), (419515.0762234722, 567145.9315409363), (418863.9875139725, 566874.2311362588), (419580.1785848486, 567232.9377003909), (419133.94854026014, 566838.7045104952), (419545.67762365664, 567131.766796386)]
pointset3 = [(423896.1626525689, 568627.1044672951), (423752.6868272312, 568847.7060427442), (424642.0237721391, 568049.920613138), (424087.60017386824, 569081.9955461714), (424093.1664859373, 568064.7125320546), (423912.6382299671, 568066.0450891182), (424554.0259157289, 568306.3618306592), (424338.2775167916, 568601.9068932664), (424376.4803566709, 569124.8161272202), (424639.1895809658, 568935.3928623758), (424017.07738756295, 569115.680303337), (424000.7491247235, 568146.7426588815), (423954.8209938891, 569069.5485321358), (424199.1519715367, 568990.5805335864), (424651.4695289526, 568719.4188697767), (423922.7986052353, 569051.9814654738), (424464.5256133275, 568346.510318486), (423678.0974756675, 568460.4810440484), (424149.5919887647, 568681.9144855291), (424643.04176470824, 568125.9303631298), (424579.7037552092, 568184.7261673324), (424349.8115804726, 569094.0921469629), (424444.289251484, 568971.0662328657), (423727.7817678591, 566608.4865420647), (423164.89571346436, 571027.1665906068)]
